
From C1P1, C2P1: 

M1:    AI_CAP*DYN + ~CULT*STRUCT + CULT*~STRUCT + (~AI_CAP*CULT*~DYN) -> ~OUT 
M2:    AI_CAP*DYN + ~CULT*STRUCT + CULT*~STRUCT + (~AI_CAP*STRUCT*~DYN) -> ~OUT 
                                             ------------------- 
                        inclS   PRI   covS   covU   (M1)   (M2)  
---------------------------------------------------------------- 
1          AI_CAP*DYN  0.771  0.544  0.365  0.066  0.066  0.066 
2        ~CULT*STRUCT  0.747  0.535  0.632  0.093  0.142  0.093 
3        CULT*~STRUCT  0.867  0.682  0.293  0.009  0.009  0.015 
---------------------------------------------------------------- 
4    ~AI_CAP*CULT*~DYN  0.755  0.522  0.401  0.000  0.059        
5  ~AI_CAP*STRUCT*~DYN  0.708  0.497  0.454  0.009         0.069 
---------------------------------------------------------------- 
                    M1  0.701  0.530  0.777 
                    M2  0.688  0.518  0.786 

                        cases 
----------------------------- 
1           AI_CAP*DYN  44,19; 5,50,58; 43; 52,4,51,56,1,34,42,47,60,28,29,45,6,57,14,40,35,53,41
2         ~CULT*STRUCT  142,88,87,110,160,134,179,173,187,73,147,177,156,107,65,96;
                        124,48,16,3,46,32,18; 135,139,130,168,159,129,102,70,169,163,140,114,176,82,192,151,137,194;
                        5,50,58
3         CULT*~STRUCT  120; 136; 72; 43
----------------------------- 
4    ~AI_CAP*CULT*~DYN  120; 115,85,77,145,79,128,170,74,83,97,62,185,104,155,86,171,188,75,127,68,94,180,166
5  ~AI_CAP*STRUCT*~DYN  142,88,87,110,160,134,179,173,187,73,147,177,156,107,65,96;
                        115,85,77,145,79,128,170,74,83,97,62,185,104,155,86,171,188,75,127,68,94,180,166
----------------------------- 

