
M1: AI_CAP*CULT*STRUCT*~DYN + ~AI_CAP*CULT*STRUCT*DYN -> OUT

                            inclS   PRI   covS   covU  
------------------------------------------------------ 
1  AI_CAP*CULT*STRUCT*~DYN  0.762  0.514  0.418  0.231 
2  ~AI_CAP*CULT*STRUCT*DYN  0.769  0.547  0.373  0.186 
------------------------------------------------------ 
                        M1  0.741  0.540  0.604 

                            cases 
--------------------------------- 
1  AI_CAP*CULT*STRUCT*~DYN  76,80,67,112,61,109,157,71,106,153,111,154,101,184,126,105,69,78,181,125,174,186,164,167,146
2  ~AI_CAP*CULT*STRUCT*DYN  36,49,15,20,2,25,17,26,24,122,12,30,121,21,22,59,54,55,11,31,33,27,23
--------------------------------- 

