
M1: ~CULT + ~STRUCT + ~AI_CAP*~DYN + AI_CAP*DYN -> ~OUT

                 inclS   PRI   covS   covU  
------------------------------------------- 
1         ~CULT  0.744  0.534  0.637  0.093 
2       ~STRUCT  0.857  0.671  0.298  0.009 
3  ~AI_CAP*~DYN  0.698  0.499  0.474  0.083 
4    AI_CAP*DYN  0.771  0.544  0.365  0.061 
------------------------------------------- 
             M1  0.681  0.515  0.801 

                 cases 
---------------------- 
1         ~CULT  142,88,87,110,160,134,179,173,187,73,147,177,156,107,65,96; 124,48,16,3,46,32,18;
                 44,19; 135,139,130,168,159,129,102,70,169,163,140,114,176,82,192,151,137,194;
                 5,50,58
2       ~STRUCT  120; 136; 44,19; 72; 43
3  ~AI_CAP*~DYN  142,88,87,110,160,134,179,173,187,73,147,177,156,107,65,96; 120;
                 115,85,77,145,79,128,170,74,83,97,62,185,104,155,86,171,188,75,127,68,94,180,166
4    AI_CAP*DYN  44,19; 5,50,58; 43; 52,4,51,56,1,34,42,47,60,28,29,45,6,57,14,40,35,53,41
---------------------- 

